86675
98888
153051
161321
161323
151193
138741
143136
165650
99555
103123
120636
100194
168221
99690
129740
167698
79508
68822
71604
97526
151194
106219
103622
67001
170107
139830
161299
161301
161307
163257
65723
65725
65730
76407
82611
65734
89364
90738
94635
113770
102399
109111
113313
113493
119545
121394
121396
121422
122624
125133
125617
129656
129733
140652
141628
145998
148463
149326
150738
152130
155878
155881
157017
157763
158510
159116
161373
161381
161391
161395
161396
163781
165735
166434
167280
167600
167694
168089
168232
168748
66741
71257
71259
74328
98840
98865
98873
99684
